Optimal value: 0.07237736119813878
x = [0.8114185486165426, 0.0, 0.37716162995151786, 1.0, 0.0, 0.6228382027947876, 0.1885813538969251, 1.0]
y = [0.0, 0.0, 0.23240643738126063, 0.23240744091392807, 0.7675913741644078, 0.7675913741644045, 1.0, 1.0]
time = 129696.60509777069
